36 5
0 你 0.013828 -0.097376 -0.015777 -0.029112 -0.094177
1 哪裡 -0.003607 0.021713 -0.073784 0.055531 0.067764
2 在 -0.036305 -0.085400 -0.008787 -0.024738 -0.054932
3 嗎 -0.077670 -0.022350 0.067829 -0.011916 0.027874
4 環境 -0.060800 -0.067945 0.025414 -0.073445 0.073168
5 妳 0.026133 0.050698 -0.012589 0.088982 -0.095486
6 的 0.058389 -0.053307 -0.036757 -0.065735 0.080008
7 家 0.009383 0.025623 -0.041841 0.056375 -0.084879
8 哪 0.090452 -0.066263 0.048826 0.053768 -0.025204
9 附近 -0.086045 -0.040467 0.063818 0.040247 -0.046695
10 好 -0.077890 -0.088467 -0.036306 -0.031653 0.063685
11 工作 -0.014849 -0.022467 0.041729 0.091454 0.065143
12 上班 -0.086653 0.064085 0.062870 -0.009113 -0.019272
13 很 -0.042611 0.005240 0.084825 0.053157 0.073753
14 是 -0.056247 -0.089386 0.066725 0.031230 0.044399
15 做 0.092710 0.043046 -0.092133 0.026678 -0.018042
16 職業 -0.001362 0.011138 -0.036496 -0.094107 0.091677
17 什麼 -0.080837 -0.062396 0.100028 -0.095935 0.048908
18 住 0.004866 0.085482 0.070175 -0.066754 0.059964
19 一種 -0.064506 0.060666 -0.080737 -0.048264 -0.079225
20 地點 0.081130 -0.077407 -0.018946 0.078645 0.056260
21 家住 0.082566 0.055862 0.042882 0.017150 0.037952
22 會不會 -0.038696 -0.061614 -0.055901 -0.015868 -0.005416
23 居住 -0.027016 -0.053145 0.039713 0.034794 -0.094633
24 方便 -0.051217 -0.047824 0.036416 -0.007893 0.022419
25 單位 -0.095503 0.036484 -0.010929 -0.068598 0.024643
26 如何 0.003860 0.089027 -0.070320 -0.099071 -0.098427
27 一行 0.071711 -0.049676 0.078438 -0.076235 -0.082762
28 會 -0.044128 0.047514 0.045467 -0.017143 0.085601
29 去 -0.012468 0.038772 -0.036241 -0.039974 -0.039087
30 家裡 -0.067030 0.072632 0.007051 0.014817 0.004151
31 公司 0.012291 -0.030031 -0.073802 0.019150 0.086412
32 過來 -0.079677 0.019088 0.095577 -0.097615 0.054348
33 都 -0.012993 -0.055053 -0.013246 0.057064 0.003255
34 遠 -0.021169 0.061276 0.061522 0.021904 -0.010861
35 吵 -0.003585 -0.040139 -0.026903 -0.087167 -0.018011